# Dolby Vision Display Management Configuration File
# Date : 05/17/2023
# Brand Model Number: M80_yudi_2307BRPDCC

[Global]
DMSwVersion = 4.0
Tmax = 550
Tmin = 0.1
TPrimaries = 0.683 0.314 0.257 0.694 0.1404 0.054 0.3127 0.329

TEOTF = POWER
Tgamma = 2.2

TScreenReflection = 0.0005
TSourroundReflection = 0.2
ALDelayMilliSec = 10
ALResponseFall = 0.2
ALResponseRise = 0.06
ALOperationalRate = 50
TFrontLux = 500
TFrontLuxScale = 1
ALThreshold  = 0.05

RGB2YCCmat=0.2249515012 0.5805731287 0.0507803555 -0.1222960562 -0.3156316076 0.4379276637 0.4379276637 -0.4027047292 -0.0352229345
RGB2YCCOffsetNorm=0.0625 0.5 0.5

[PictureMode = 0]
PictureModeName = Dolby Vision Standard
Ambient = 8
Tmax = 275

[PictureMode = 1]
PictureModeName = Dolby Vision Bright
Ambient = 8
Tmax = 275

[PictureMode = 2]
PictureModeName = Dolby Vision Vivid
Ambient = 8
Tmax = 275
DSaturation = 0.2
DContrast = 0.2

[PictureMode = 3]
PictureModeName = Dolby Vision Cinema
Ambient = 0
